TITLE	TOCNF_ID6
DATA TYPE	
ORIGIN	JASCO
OWNER	
DATE	25/05/20
TIME	12:18:11
SPECTROMETER/DATA SYSTEM	JASCO Corp., J-810, Rev. 1.00
RESOLUTION	
DELTAX	-0.5
XUNITS	NANOMETERS
YUNITS	CD[mdeg]
Y2UNITS	HT[V]
FIRSTX	330.0000
LASTX	220.0000
NPOINTS	221
FIRSTY	0.47995
MAXY	3.97128
MINY	-1.75741
XYDATA
330.0000	0.479955	243.896
329.5000	0.492177	243.951
329.0000	0.473265	244.007
328.5000	0.475877	244.06
328.0000	0.499279	244.114
327.5000	0.487403	244.164
327.0000	0.449529	244.21
326.5000	0.407177	244.25
326.0000	0.407625	244.282
325.5000	0.395673	244.309
325.0000	0.398381	244.339
324.5000	0.414924	244.371
324.0000	0.396042	244.413
323.5000	0.403827	244.459
323.0000	0.387304	244.514
322.5000	0.390525	244.568
322.0000	0.411581	244.631
321.5000	0.38386	244.693
321.0000	0.397703	244.759
320.5000	0.427015	244.832
320.0000	0.454417	244.912
319.5000	0.458494	244.997
319.0000	0.474596	245.086
318.5000	0.484451	245.179
318.0000	0.488471	245.267
317.5000	0.47611	245.344
317.0000	0.474343	245.414
316.5000	0.468224	245.472
316.0000	0.456928	245.528
315.5000	0.44463	245.578
315.0000	0.4508	245.629
314.5000	0.443981	245.684
314.0000	0.441008	245.741
313.5000	0.431399	245.808
313.0000	0.449909	245.885
312.5000	0.44744	245.967
312.0000	0.449377	246.052
311.5000	0.434577	246.145
311.0000	0.439067	246.24
310.5000	0.436263	246.347
310.0000	0.437912	246.459
309.5000	0.427189	246.584
309.0000	0.435043	246.716
308.5000	0.427969	246.857
308.0000	0.410226	247.004
307.5000	0.41577	247.159
307.0000	0.419897	247.313
306.5000	0.419593	247.473
306.0000	0.406783	247.641
305.5000	0.422115	247.822
305.0000	0.433791	248.014
304.5000	0.433697	248.224
304.0000	0.442051	248.448
303.5000	0.454825	248.689
303.0000	0.476216	248.946
302.5000	0.50891	249.225
302.0000	0.533918	249.524
301.5000	0.562935	249.847
301.0000	0.55254	250.193
300.5000	0.556166	250.568
300.0000	0.558652	250.969
299.5000	0.589448	251.402
299.0000	0.583408	251.866
298.5000	0.602882	252.365
298.0000	0.607714	252.897
297.5000	0.623259	253.469
297.0000	0.624595	254.08
296.5000	0.635945	254.733
296.0000	0.612653	255.423
295.5000	0.64704	256.155
295.0000	0.650414	256.917
294.5000	0.683648	257.713
294.0000	0.707737	258.542
293.5000	0.704604	259.409
293.0000	0.709451	260.336
292.5000	0.748977	261.314
292.0000	0.770088	262.352
291.5000	0.78696	263.443
291.0000	0.779095	264.578
290.5000	0.802207	265.756
290.0000	0.824542	266.969
289.5000	0.854117	268.219
289.0000	0.852852	269.505
288.5000	0.867884	270.834
288.0000	0.832721	272.203
287.5000	0.847279	273.605
287.0000	0.889819	275.04
286.5000	0.895254	276.486
286.0000	0.890686	277.937
285.5000	0.8854	279.388
285.0000	0.906255	280.836
284.5000	0.935632	282.288
284.0000	0.964898	283.745
283.5000	0.983772	285.205
283.0000	0.968651	286.67
282.5000	1.00851	288.139
282.0000	1.03866	289.612
281.5000	1.08696	291.086
281.0000	1.14242	292.564
280.5000	1.16525	294.047
280.0000	1.21303	295.532
279.5000	1.2714	297.02
279.0000	1.29899	298.509
278.5000	1.32804	300.001
278.0000	1.36967	301.494
277.5000	1.35846	302.987
277.0000	1.36064	304.486
276.5000	1.4268	305.981
276.0000	1.47799	307.476
275.5000	1.52111	308.965
275.0000	1.56253	310.452
274.5000	1.5877	311.936
274.0000	1.6017	313.419
273.5000	1.58949	314.896
273.0000	1.60874	316.371
272.5000	1.60012	317.845
272.0000	1.58958	319.322
271.5000	1.57515	320.798
271.0000	1.63058	322.281
270.5000	1.70088	323.763
270.0000	1.69745	325.251
269.5000	1.71652	326.745
269.0000	1.69477	328.247
268.5000	1.72589	329.755
268.0000	1.75451	331.274
267.5000	1.7241	332.797
267.0000	1.77009	334.328
266.5000	1.76348	335.871
266.0000	1.71743	337.427
265.5000	1.70978	338.985
265.0000	1.72232	340.553
264.5000	1.75853	342.126
264.0000	1.73691	343.707
263.5000	1.68573	345.293
263.0000	1.63645	346.877
262.5000	1.63126	348.455
262.0000	1.61954	350.027
261.5000	1.53864	351.578
261.0000	1.54591	353.101
260.5000	1.54483	354.586
260.0000	1.53946	356.02
259.5000	1.53254	357.39
259.0000	1.55438	358.689
258.5000	1.53422	359.909
258.0000	1.47677	361.04
257.5000	1.34033	362.079
257.0000	1.34209	363.017
256.5000	1.32932	363.851
256.0000	1.27183	364.577
255.5000	1.09939	365.195
255.0000	0.974709	365.709
254.5000	0.900306	366.117
254.0000	0.788927	366.425
253.5000	0.651209	366.636
253.0000	0.560568	366.757
252.5000	0.452889	366.786
252.0000	0.246941	366.723
251.5000	0.11348	366.571
251.0000	-0.00814323	366.331
250.5000	-0.179401	366
250.0000	-0.351571	365.586
249.5000	-0.540321	365.092
249.0000	-0.641485	364.517
248.5000	-0.745631	363.865
248.0000	-0.890169	363.137
247.5000	-1.10043	362.341
247.0000	-1.23847	361.481
246.5000	-1.35424	360.562
246.0000	-1.48604	359.59
245.5000	-1.51601	358.58
245.0000	-1.57233	357.536
244.5000	-1.63813	356.472
244.0000	-1.6775	355.397
243.5000	-1.69148	354.318
243.0000	-1.7493	353.24
242.5000	-1.75741	352.173
242.0000	-1.70866	351.123
241.5000	-1.71056	350.096
241.0000	-1.66171	349.097
240.5000	-1.63205	348.133
240.0000	-1.64573	347.206
239.5000	-1.54142	346.329
239.0000	-1.53791	345.5
238.5000	-1.49665	344.726
238.0000	-1.44752	344.009
237.5000	-1.38454	343.353
237.0000	-1.37134	342.759
236.5000	-1.27337	342.232
236.0000	-1.18512	341.773
235.5000	-1.05019	341.381
235.0000	-0.960345	341.062
234.5000	-0.884249	340.82
234.0000	-0.817208	340.659
233.5000	-0.694084	340.578
233.0000	-0.634657	340.577
232.5000	-0.4425	340.658
232.0000	-0.29529	340.829
231.5000	-0.143208	341.089
231.0000	-0.0388847	341.444
230.5000	0.158488	341.892
230.0000	0.327633	342.436
229.5000	0.447411	343.074
229.0000	0.588958	343.814
228.5000	0.757401	344.655
228.0000	0.939316	345.607
227.5000	1.08708	346.666
227.0000	1.31752	347.837
226.5000	1.46178	349.128
226.0000	1.66652	350.542
225.5000	1.79297	352.085
225.0000	2.00475	353.758
224.5000	2.1754	355.569
224.0000	2.34058	357.517
223.5000	2.56277	359.617
223.0000	2.79853	361.875
222.5000	3.02095	364.299
222.0000	3.20312	366.895
221.5000	3.31281	369.664
221.0000	3.57716	372.607
220.5000	3.77456	375.726
220.0000	3.97128	379.026
