TITLE	TOCNF_ID6
DATA TYPE	
ORIGIN	JASCO
OWNER	
DATE	25/05/20
TIME	10:20:26
SPECTROMETER/DATA SYSTEM	JASCO Corp., J-810, Rev. 1.00
RESOLUTION	
DELTAX	-0.5
XUNITS	NANOMETERS
YUNITS	CD[mdeg]
Y2UNITS	HT[V]
FIRSTX	330.0000
LASTX	220.0000
NPOINTS	221
FIRSTY	0.49613
MAXY	17.01703
MINY	-1.53455
XYDATA
330.0000	0.496127	243.799
329.5000	0.504032	243.853
329.0000	0.501482	243.906
328.5000	0.517139	243.959
328.0000	0.533439	244.012
327.5000	0.538461	244.062
327.0000	0.554945	244.107
326.5000	0.568556	244.146
326.0000	0.571122	244.176
325.5000	0.565942	244.203
325.0000	0.570053	244.231
324.5000	0.594311	244.264
324.0000	0.593807	244.305
323.5000	0.607836	244.352
323.0000	0.599121	244.408
322.5000	0.620422	244.465
322.0000	0.62542	244.528
321.5000	0.613041	244.591
321.0000	0.599708	244.659
320.5000	0.603343	244.733
320.0000	0.614423	244.813
319.5000	0.61533	244.9
319.0000	0.607835	244.99
318.5000	0.612442	245.086
318.0000	0.608167	245.176
317.5000	0.61126	245.256
317.0000	0.64068	245.329
316.5000	0.656577	245.392
316.0000	0.659974	245.45
315.5000	0.650609	245.506
315.0000	0.657033	245.564
314.5000	0.694524	245.628
314.0000	0.728631	245.696
313.5000	0.743076	245.777
313.0000	0.768212	245.87
312.5000	0.840077	245.971
312.0000	0.902341	246.079
311.5000	0.957574	246.196
311.0000	1.04788	246.325
310.5000	1.13409	246.468
310.0000	1.22907	246.624
309.5000	1.34794	246.797
309.0000	1.50543	246.988
308.5000	1.69215	247.195
308.0000	1.86919	247.42
307.5000	2.08855	247.659
307.0000	2.31849	247.91
306.5000	2.59336	248.175
306.0000	2.89768	248.46
305.5000	3.25389	248.772
305.0000	3.64136	249.105
304.5000	4.04629	249.465
304.0000	4.47184	249.852
303.5000	4.92002	250.269
303.0000	5.42676	250.714
302.5000	5.94231	251.188
302.0000	6.47044	251.69
301.5000	7.01985	252.22
301.0000	7.5735	252.779
300.5000	8.1578	253.366
300.0000	8.69934	253.981
299.5000	9.26236	254.623
299.0000	9.82734	255.29
298.5000	10.3743	255.979
298.0000	10.9121	256.69
297.5000	11.4548	257.423
297.0000	11.9766	258.173
296.5000	12.4649	258.943
296.0000	12.8916	259.726
295.5000	13.3062	260.525
295.0000	13.7046	261.33
294.5000	14.0461	262.132
294.0000	14.39	262.936
293.5000	14.7504	263.746
293.0000	15.058	264.579
292.5000	15.3283	265.438
292.0000	15.5858	266.324
291.5000	15.798	267.231
291.0000	16.0328	268.158
290.5000	16.2197	269.098
290.0000	16.3663	270.052
289.5000	16.5262	271.022
289.0000	16.6607	272.009
288.5000	16.7594	273.016
288.0000	16.8586	274.05
287.5000	16.9559	275.111
287.0000	17.0014	276.195
286.5000	17.0154	277.286
286.0000	17.017	278.375
285.5000	16.9732	279.463
285.0000	16.9208	280.548
284.5000	16.8194	281.637
284.0000	16.699	282.735
283.5000	16.5525	283.839
283.0000	16.4067	284.949
282.5000	16.242	286.065
282.0000	16.0674	287.189
281.5000	15.8896	288.321
281.0000	15.6437	289.462
280.5000	15.4204	290.612
280.0000	15.1928	291.771
279.5000	14.9888	292.941
279.0000	14.7703	294.12
278.5000	14.5585	295.311
278.0000	14.3559	296.514
277.5000	14.1416	297.725
277.0000	13.9954	298.954
276.5000	13.8585	300.196
276.0000	13.7001	301.45
275.5000	13.5512	302.715
275.0000	13.399	303.991
274.5000	13.2731	305.279
274.0000	13.1557	306.583
273.5000	13.0009	307.901
273.0000	12.8812	309.237
272.5000	12.714	310.591
272.0000	12.5378	311.972
271.5000	12.3929	313.377
271.0000	12.2397	314.811
270.5000	12.0248	316.27
270.0000	11.7614	317.764
269.5000	11.5366	319.286
269.0000	11.2872	320.845
268.5000	11.0713	322.438
268.0000	10.8055	324.069
267.5000	10.4902	325.729
267.0000	10.1926	327.418
266.5000	9.82338	329.131
266.0000	9.52085	330.864
265.5000	9.18879	332.604
265.0000	8.84641	334.346
264.5000	8.48333	336.081
264.0000	8.1015	337.799
263.5000	7.7319	339.496
263.0000	7.33767	341.161
262.5000	6.93825	342.789
262.0000	6.5291	344.369
261.5000	6.17482	345.894
261.0000	5.85526	347.357
260.5000	5.61218	348.748
260.0000	5.28914	350.066
259.5000	4.91252	351.304
259.0000	4.62043	352.464
258.5000	4.35859	353.541
258.0000	4.13401	354.537
257.5000	3.95136	355.45
257.0000	3.73113	356.278
256.5000	3.53294	357.016
256.0000	3.43002	357.661
255.5000	3.2485	358.216
255.0000	3.06488	358.677
254.5000	2.93561	359.042
254.0000	2.71734	359.313
253.5000	2.55797	359.486
253.0000	2.53578	359.557
252.5000	2.39585	359.526
252.0000	2.29863	359.391
251.5000	2.13834	359.152
251.0000	2.00468	358.809
250.5000	1.90175	358.366
250.0000	1.81093	357.83
249.5000	1.66338	357.207
249.0000	1.61442	356.505
248.5000	1.51521	355.728
248.0000	1.37251	354.884
247.5000	1.30402	353.978
247.0000	1.20631	353.027
246.5000	1.07615	352.036
246.0000	0.976859	351.014
245.5000	0.791093	349.972
245.0000	0.632848	348.919
244.5000	0.439462	347.866
244.0000	0.21716	346.819
243.5000	0.0294498	345.788
243.0000	-0.109365	344.777
242.5000	-0.304754	343.799
242.0000	-0.48027	342.852
241.5000	-0.616989	341.946
241.0000	-0.775784	341.087
240.5000	-0.91291	340.276
240.0000	-1.09619	339.52
239.5000	-1.23599	338.827
239.0000	-1.33643	338.198
238.5000	-1.399	337.639
238.0000	-1.46391	337.154
237.5000	-1.49204	336.743
237.0000	-1.47127	336.41
236.5000	-1.52224	336.156
236.0000	-1.53455	335.983
235.5000	-1.48726	335.888
235.0000	-1.41708	335.875
234.5000	-1.37193	335.947
234.0000	-1.25246	336.107
233.5000	-1.12756	336.352
233.0000	-0.951905	336.683
232.5000	-0.830154	337.098
232.0000	-0.703255	337.602
231.5000	-0.474413	338.2
231.0000	-0.237531	338.89
230.5000	-0.0549007	339.673
230.0000	0.255277	340.548
229.5000	0.560079	341.513
229.0000	0.815279	342.573
228.5000	1.11429	343.73
228.0000	1.40918	344.985
227.5000	1.69677	346.339
227.0000	2.02	347.801
226.5000	2.38972	349.373
226.0000	2.72382	351.058
225.5000	3.14726	352.855
225.0000	3.55494	354.764
224.5000	4.00602	356.785
224.0000	4.46689	358.921
223.5000	4.88153	361.175
223.0000	5.39061	363.554
222.5000	5.92179	366.054
222.0000	6.41879	368.678
221.5000	6.8892	371.423
221.0000	7.383	374.288
220.5000	7.86034	377.266
220.0000	8.3082	380.354
