TITLE	TOCNF_ID6
DATA TYPE	
ORIGIN	JASCO
OWNER	
DATE	25/05/20
TIME	12:26:26
SPECTROMETER/DATA SYSTEM	JASCO Corp., J-810, Rev. 1.00
RESOLUTION	
DELTAX	-0.5
XUNITS	NANOMETERS
YUNITS	CD[mdeg]
Y2UNITS	HT[V]
FIRSTX	330.0000
LASTX	220.0000
NPOINTS	221
FIRSTY	0.44193
MAXY	3.73331
MINY	-1.79361
XYDATA
330.0000	0.441934	243.98
329.5000	0.436586	244.037
329.0000	0.436242	244.092
328.5000	0.418678	244.147
328.0000	0.40844	244.2
327.5000	0.379834	244.251
327.0000	0.399229	244.297
326.5000	0.392035	244.337
326.0000	0.390771	244.368
325.5000	0.391807	244.395
325.0000	0.367284	244.426
324.5000	0.356395	244.46
324.0000	0.343378	244.502
323.5000	0.357174	244.548
323.0000	0.373428	244.601
322.5000	0.376684	244.658
322.0000	0.372276	244.72
321.5000	0.391209	244.783
321.0000	0.433577	244.848
320.5000	0.430204	244.921
320.0000	0.439152	244.999
319.5000	0.449135	245.085
319.0000	0.449844	245.173
318.5000	0.464285	245.267
318.0000	0.481308	245.353
317.5000	0.490036	245.432
317.0000	0.487566	245.501
316.5000	0.492746	245.562
316.0000	0.513068	245.616
315.5000	0.510358	245.666
315.0000	0.531343	245.715
314.5000	0.526912	245.771
314.0000	0.531034	245.829
313.5000	0.538046	245.897
313.0000	0.530861	245.974
312.5000	0.522424	246.059
312.0000	0.530979	246.143
311.5000	0.541456	246.237
311.0000	0.517319	246.334
310.5000	0.529328	246.441
310.0000	0.530106	246.555
309.5000	0.510357	246.681
309.0000	0.498132	246.814
308.5000	0.48436	246.957
308.0000	0.466883	247.106
307.5000	0.462573	247.262
307.0000	0.472567	247.418
306.5000	0.476291	247.581
306.0000	0.480775	247.752
305.5000	0.459489	247.937
305.0000	0.448094	248.132
304.5000	0.452859	248.342
304.0000	0.44618	248.568
303.5000	0.43947	248.813
303.0000	0.447451	249.074
302.5000	0.467764	249.357
302.0000	0.497767	249.657
301.5000	0.514397	249.982
301.0000	0.512309	250.332
300.5000	0.519499	250.711
300.0000	0.514212	251.116
299.5000	0.534067	251.551
299.0000	0.560833	252.018
298.5000	0.567192	252.521
298.0000	0.558776	253.059
297.5000	0.555481	253.636
297.0000	0.557543	254.25
296.5000	0.567354	254.906
296.0000	0.567462	255.602
295.5000	0.567884	256.338
295.0000	0.56377	257.109
294.5000	0.605775	257.91
294.0000	0.610011	258.745
293.5000	0.640899	259.62
293.0000	0.672988	260.551
292.5000	0.68511	261.539
292.0000	0.712681	262.583
291.5000	0.764416	263.68
291.0000	0.798513	264.822
290.5000	0.825967	266.005
290.0000	0.849196	267.227
289.5000	0.88409	268.485
289.0000	0.912141	269.78
288.5000	0.928946	271.116
288.0000	0.936224	272.491
287.5000	0.967555	273.9
287.0000	0.9946	275.342
286.5000	0.996262	276.797
286.0000	1.02437	278.253
285.5000	1.05201	279.712
285.0000	1.05952	281.17
284.5000	1.06331	282.63
284.0000	1.08144	284.098
283.5000	1.10703	285.567
283.0000	1.07585	287.043
282.5000	1.06932	288.52
282.0000	1.10444	290.001
281.5000	1.17892	291.485
281.0000	1.19193	292.975
280.5000	1.18832	294.467
280.0000	1.23732	295.962
279.5000	1.22597	297.46
279.0000	1.26933	298.96
278.5000	1.27542	300.463
278.0000	1.3305	301.967
277.5000	1.37804	303.471
277.0000	1.41385	304.979
276.5000	1.48491	306.486
276.0000	1.53075	307.993
275.5000	1.54524	309.494
275.0000	1.53948	310.992
274.5000	1.54645	312.488
274.0000	1.59492	313.98
273.5000	1.60495	315.469
273.0000	1.62252	316.955
272.5000	1.66554	318.44
272.0000	1.70031	319.924
271.5000	1.71691	321.412
271.0000	1.73291	322.902
270.5000	1.78282	324.393
270.0000	1.76201	325.888
269.5000	1.78346	327.39
269.0000	1.81928	328.898
268.5000	1.86645	330.412
268.0000	1.83417	331.935
267.5000	1.81253	333.468
267.0000	1.77349	335.007
266.5000	1.72044	336.556
266.0000	1.71013	338.113
265.5000	1.64097	339.68
265.0000	1.62823	341.253
264.5000	1.62952	342.833
264.0000	1.5896	344.418
263.5000	1.52899	346.005
263.0000	1.48734	347.59
262.5000	1.4323	349.172
262.0000	1.28243	350.742
261.5000	1.28994	352.291
261.0000	1.27082	353.809
260.5000	1.23611	355.287
260.0000	1.17806	356.713
259.5000	1.17317	358.078
259.0000	1.16627	359.372
258.5000	1.10944	360.582
258.0000	1.00935	361.704
257.5000	0.941926	362.73
257.0000	0.856498	363.654
256.5000	0.821253	364.473
256.0000	0.734786	365.184
255.5000	0.766822	365.786
255.0000	0.684296	366.283
254.5000	0.581916	366.677
254.0000	0.472763	366.971
253.5000	0.445683	367.167
253.0000	0.30731	367.27
252.5000	0.196671	367.281
252.0000	0.0847527	367.201
251.5000	-0.0389736	367.029
251.0000	-0.184871	366.771
250.5000	-0.252219	366.422
250.0000	-0.362175	365.993
249.5000	-0.499576	365.484
249.0000	-0.658882	364.896
248.5000	-0.757703	364.232
248.0000	-0.844215	363.493
247.5000	-0.915052	362.682
247.0000	-0.978525	361.81
246.5000	-1.07724	360.88
246.0000	-1.18601	359.899
245.5000	-1.24391	358.879
245.0000	-1.2234	357.829
244.5000	-1.30292	356.756
244.0000	-1.43478	355.674
243.5000	-1.48872	354.586
243.0000	-1.51793	353.501
242.5000	-1.57654	352.428
242.0000	-1.6003	351.374
241.5000	-1.62395	350.343
241.0000	-1.66824	349.341
240.5000	-1.75517	348.371
240.0000	-1.78283	347.444
239.5000	-1.73113	346.561
239.0000	-1.75066	345.729
238.5000	-1.79361	344.951
238.0000	-1.70251	344.233
237.5000	-1.60956	343.573
237.0000	-1.49484	342.98
236.5000	-1.43166	342.45
236.0000	-1.32426	341.988
235.5000	-1.22192	341.594
235.0000	-1.12611	341.273
234.5000	-1.01872	341.031
234.0000	-0.867636	340.87
233.5000	-0.685346	340.788
233.0000	-0.530577	340.787
232.5000	-0.424455	340.867
232.0000	-0.28678	341.037
231.5000	-0.18339	341.297
231.0000	-0.0548599	341.654
230.5000	0.0993332	342.106
230.0000	0.313597	342.652
229.5000	0.470087	343.296
229.0000	0.609858	344.04
228.5000	0.76465	344.888
228.0000	0.921476	345.842
227.5000	1.06369	346.904
227.0000	1.24427	348.084
226.5000	1.37752	349.386
226.0000	1.58243	350.817
225.5000	1.78546	352.374
225.0000	1.9852	354.063
224.5000	2.15913	355.888
224.0000	2.30765	357.854
223.5000	2.4199	359.975
223.0000	2.59444	362.255
222.5000	2.73724	364.704
222.0000	2.96155	367.324
221.5000	3.17656	370.122
221.0000	3.47109	373.101
220.5000	3.63317	376.257
220.0000	3.73331	379.593
