TITLE	TOCNF_ID6
DATA TYPE	
ORIGIN	JASCO
OWNER	
DATE	25/05/20
TIME	11:40:54
SPECTROMETER/DATA SYSTEM	JASCO Corp., J-810, Rev. 1.00
RESOLUTION	
DELTAX	-0.5
XUNITS	NANOMETERS
YUNITS	CD[mdeg]
Y2UNITS	HT[V]
FIRSTX	330.0000
LASTX	220.0000
NPOINTS	221
FIRSTY	0.41725
MAXY	4.94614
MINY	-2.22818
XYDATA
330.0000	0.41725	243.801
329.5000	0.442331	243.857
329.0000	0.448341	243.912
328.5000	0.448044	243.964
328.0000	0.438829	244.017
327.5000	0.453362	244.065
327.0000	0.444084	244.11
326.5000	0.460191	244.147
326.0000	0.456759	244.179
325.5000	0.455463	244.206
325.0000	0.464655	244.234
324.5000	0.462794	244.267
324.0000	0.441351	244.31
323.5000	0.460851	244.356
323.0000	0.47196	244.41
322.5000	0.444249	244.466
322.0000	0.440204	244.527
321.5000	0.426644	244.59
321.0000	0.415273	244.657
320.5000	0.40801	244.73
320.0000	0.422906	244.81
319.5000	0.430405	244.894
319.0000	0.419704	244.981
318.5000	0.414196	245.075
318.0000	0.420239	245.162
317.5000	0.424285	245.238
317.0000	0.434815	245.306
316.5000	0.441307	245.366
316.0000	0.444696	245.419
315.5000	0.473126	245.469
315.0000	0.491878	245.518
314.5000	0.500986	245.574
314.0000	0.53326	245.63
313.5000	0.53186	245.698
313.0000	0.54418	245.777
312.5000	0.560517	245.861
312.0000	0.561823	245.948
311.5000	0.566473	246.042
311.0000	0.575755	246.14
310.5000	0.5863	246.25
310.0000	0.595571	246.368
309.5000	0.61887	246.497
309.0000	0.638942	246.637
308.5000	0.667825	246.785
308.0000	0.688454	246.939
307.5000	0.714787	247.102
307.0000	0.761211	247.266
306.5000	0.781578	247.436
306.0000	0.830389	247.615
305.5000	0.881014	247.809
305.0000	0.927948	248.016
304.5000	0.977271	248.238
304.0000	1.01763	248.476
303.5000	1.0838	248.732
303.0000	1.16381	249.005
302.5000	1.24235	249.3
302.0000	1.31643	249.615
301.5000	1.3936	249.955
301.0000	1.47171	250.317
300.5000	1.54067	250.707
300.0000	1.60782	251.122
299.5000	1.68564	251.568
299.0000	1.78007	252.042
298.5000	1.8605	252.55
298.0000	1.95173	253.088
297.5000	2.01527	253.663
297.0000	2.08438	254.274
296.5000	2.15624	254.925
296.0000	2.18857	255.61
295.5000	2.2263	256.33
295.0000	2.26621	257.079
294.5000	2.31229	257.854
294.0000	2.36332	258.658
293.5000	2.42718	259.497
293.0000	2.46884	260.389
292.5000	2.48537	261.331
292.0000	2.50904	262.325
291.5000	2.55192	263.368
291.0000	2.56466	264.45
290.5000	2.5916	265.567
290.0000	2.58738	266.718
289.5000	2.61062	267.903
289.0000	2.6326	269.121
288.5000	2.65186	270.376
288.0000	2.66372	271.669
287.5000	2.66469	272.993
287.0000	2.64881	274.347
286.5000	2.65153	275.712
286.0000	2.64431	277.077
285.5000	2.62606	278.444
285.0000	2.58139	279.809
284.5000	2.57534	281.178
284.0000	2.57647	282.553
283.5000	2.566	283.929
283.0000	2.54381	285.312
282.5000	2.5793	286.7
282.0000	2.59794	288.092
281.5000	2.58519	289.487
281.0000	2.58472	290.889
280.5000	2.60664	292.295
280.0000	2.61463	293.703
279.5000	2.6427	295.116
279.0000	2.65737	296.532
278.5000	2.70668	297.953
278.0000	2.72845	299.375
277.5000	2.72281	300.799
277.0000	2.71158	302.233
276.5000	2.73346	303.662
276.0000	2.71272	305.094
275.5000	2.71408	306.524
275.0000	2.75606	307.95
274.5000	2.76772	309.376
274.0000	2.79343	310.805
273.5000	2.80711	312.235
273.0000	2.87524	313.668
272.5000	2.91858	315.099
272.0000	2.96108	316.536
271.5000	3.05166	317.98
271.0000	3.13764	319.433
270.5000	3.23126	320.889
270.0000	3.26958	322.356
269.5000	3.32539	323.831
269.0000	3.38159	325.318
268.5000	3.43535	326.817
268.0000	3.47996	328.33
267.5000	3.49686	329.854
267.0000	3.55179	331.387
266.5000	3.52777	332.932
266.0000	3.51364	334.489
265.5000	3.55074	336.056
265.0000	3.54652	337.63
264.5000	3.52057	339.209
264.0000	3.53579	340.79
263.5000	3.62819	342.378
263.0000	3.65601	343.964
262.5000	3.64341	345.546
262.0000	3.62334	347.115
261.5000	3.59268	348.662
261.0000	3.64049	350.18
260.5000	3.63342	351.657
260.0000	3.67947	353.087
259.5000	3.69035	354.455
259.0000	3.61076	355.756
258.5000	3.57017	356.977
258.0000	3.49943	358.115
257.5000	3.43688	359.166
257.0000	3.39455	360.12
256.5000	3.2862	360.975
256.0000	3.29142	361.725
255.5000	3.23113	362.374
255.0000	3.1361	362.922
254.5000	3.01069	363.371
254.0000	2.84658	363.723
253.5000	2.6299	363.981
253.0000	2.46554	364.147
252.5000	2.33044	364.221
252.0000	2.19127	364.204
251.5000	1.99132	364.097
251.0000	1.75113	363.897
250.5000	1.47972	363.608
250.0000	1.17748	363.231
249.5000	0.860017	362.772
249.0000	0.585036	362.234
248.5000	0.268924	361.617
248.0000	0.0315811	360.924
247.5000	-0.240361	360.158
247.0000	-0.399482	359.326
246.5000	-0.591655	358.436
246.0000	-0.817655	357.495
245.5000	-1.10619	356.515
245.0000	-1.2946	355.503
244.5000	-1.4244	354.471
244.0000	-1.5502	353.425
243.5000	-1.68762	352.377
243.0000	-1.74784	351.332
242.5000	-1.83944	350.298
242.0000	-1.90883	349.283
241.5000	-1.9314	348.291
241.0000	-1.96922	347.328
240.5000	-2.0463	346.399
240.0000	-2.1743	345.513
239.5000	-2.20409	344.672
239.0000	-2.22818	343.883
238.5000	-2.21811	343.147
238.0000	-2.18421	342.472
237.5000	-2.16638	341.857
237.0000	-2.08843	341.308
236.5000	-1.98064	340.823
236.0000	-1.88348	340.407
235.5000	-1.79519	340.061
235.0000	-1.6764	339.788
234.5000	-1.58251	339.594
234.0000	-1.39342	339.48
233.5000	-1.1654	339.445
233.0000	-1.0228	339.491
232.5000	-0.849028	339.618
232.0000	-0.638535	339.835
231.5000	-0.390701	340.143
231.0000	-0.182002	340.542
230.5000	-0.0201462	341.035
230.0000	0.178788	341.622
229.5000	0.379221	342.302
229.0000	0.543316	343.081
228.5000	0.689233	343.957
228.0000	0.843053	344.935
227.5000	1.06346	346.016
227.0000	1.24905	347.21
226.5000	1.41193	348.518
226.0000	1.59392	349.947
225.5000	1.88782	351.493
225.0000	2.1397	353.161
224.5000	2.40719	354.96
224.0000	2.53516	356.889
223.5000	2.78475	358.958
223.0000	3.06656	361.176
222.5000	3.30029	363.545
222.0000	3.68732	366.077
221.5000	3.96964	368.769
221.0000	4.27844	371.625
220.5000	4.53816	374.64
220.0000	4.94614	377.813
