TITLE	TOCNF_ID6
DATA TYPE	
ORIGIN	JASCO
OWNER	
DATE	25/05/20
TIME	10:24:40
SPECTROMETER/DATA SYSTEM	JASCO Corp., J-810, Rev. 1.00
RESOLUTION	
DELTAX	-0.5
XUNITS	NANOMETERS
YUNITS	CD[mdeg]
Y2UNITS	HT[V]
FIRSTX	330.0000
LASTX	220.0000
NPOINTS	221
FIRSTY	0.60487
MAXY	16.97983
MINY	-1.63849
XYDATA
330.0000	0.604874	243.782
329.5000	0.585079	243.838
329.0000	0.5714	243.893
328.5000	0.549172	243.946
328.0000	0.553204	243.999
327.5000	0.546761	244.049
327.0000	0.532944	244.094
326.5000	0.52435	244.133
326.0000	0.521675	244.163
325.5000	0.520833	244.19
325.0000	0.524609	244.219
324.5000	0.527323	244.252
324.0000	0.543965	244.293
323.5000	0.539417	244.338
323.0000	0.538425	244.393
322.5000	0.550304	244.449
322.0000	0.567174	244.511
321.5000	0.578957	244.575
321.0000	0.594453	244.642
320.5000	0.59916	244.717
320.0000	0.598235	244.798
319.5000	0.621125	244.887
319.0000	0.626156	244.978
318.5000	0.632689	245.074
318.0000	0.627282	245.165
317.5000	0.620963	245.245
317.0000	0.609283	245.319
316.5000	0.607229	245.383
316.0000	0.623235	245.442
315.5000	0.645545	245.499
315.0000	0.660064	245.558
314.5000	0.662479	245.622
314.0000	0.693072	245.689
313.5000	0.732658	245.768
313.0000	0.749678	245.86
312.5000	0.789559	245.961
312.0000	0.849908	246.07
311.5000	0.935574	246.189
311.0000	1.03107	246.318
310.5000	1.12687	246.462
310.0000	1.26511	246.618
309.5000	1.39092	246.793
309.0000	1.53538	246.982
308.5000	1.71166	247.189
308.0000	1.9007	247.412
307.5000	2.11152	247.652
307.0000	2.36241	247.902
306.5000	2.64722	248.168
306.0000	2.95369	248.454
305.5000	3.29081	248.765
305.0000	3.6669	249.099
304.5000	4.05265	249.458
304.0000	4.50565	249.846
303.5000	4.94786	250.264
303.0000	5.41054	250.709
302.5000	5.94343	251.186
302.0000	6.44989	251.69
301.5000	6.99405	252.219
301.0000	7.54538	252.778
300.5000	8.1322	253.366
300.0000	8.71927	253.979
299.5000	9.27522	254.62
299.0000	9.84317	255.285
298.5000	10.3578	255.974
298.0000	10.8846	256.683
297.5000	11.3989	257.414
297.0000	11.899	258.162
296.5000	12.3947	258.931
296.0000	12.8363	259.713
295.5000	13.2717	260.508
295.0000	13.6524	261.311
294.5000	14.0063	262.114
294.0000	14.3414	262.917
293.5000	14.6504	263.728
293.0000	14.9489	264.564
292.5000	15.2403	265.421
292.0000	15.512	266.306
291.5000	15.7432	267.213
291.0000	15.9562	268.139
290.5000	16.1479	269.078
290.0000	16.3114	270.033
289.5000	16.4956	271.003
289.0000	16.6138	271.991
288.5000	16.7265	273
288.0000	16.8505	274.036
287.5000	16.9283	275.098
287.0000	16.9663	276.184
286.5000	16.9798	277.277
286.0000	16.9664	278.367
285.5000	16.9143	279.458
285.0000	16.8432	280.548
284.5000	16.7635	281.64
284.0000	16.6761	282.74
283.5000	16.5253	283.847
283.0000	16.3409	284.96
282.5000	16.157	286.079
282.0000	15.9615	287.206
281.5000	15.7683	288.34
281.0000	15.5367	289.485
280.5000	15.32	290.637
280.0000	15.0999	291.801
279.5000	14.9206	292.974
279.0000	14.7393	294.156
278.5000	14.553	295.35
278.0000	14.3633	296.554
277.5000	14.1408	297.77
277.0000	14.0164	299.002
276.5000	13.8877	300.245
276.0000	13.7419	301.504
275.5000	13.6065	302.771
275.0000	13.43	304.048
274.5000	13.301	305.337
274.0000	13.1932	306.645
273.5000	13.0561	307.964
273.0000	12.8799	309.302
272.5000	12.7441	310.658
272.0000	12.5753	312.04
271.5000	12.3745	313.447
271.0000	12.2131	314.882
270.5000	12.0129	316.344
270.0000	11.7814	317.837
269.5000	11.6245	319.361
269.0000	11.4251	320.921
268.5000	11.2474	322.515
268.0000	11.0532	324.146
267.5000	10.7415	325.806
267.0000	10.4521	327.494
266.5000	10.1504	329.204
266.0000	9.84391	330.935
265.5000	9.53156	332.673
265.0000	9.1818	334.414
264.5000	8.84312	336.145
264.0000	8.50212	337.86
263.5000	8.08477	339.553
263.0000	7.62135	341.214
262.5000	7.17758	342.835
262.0000	6.73961	344.412
261.5000	6.30941	345.932
261.0000	5.93723	347.389
260.5000	5.5965	348.776
260.0000	5.28947	350.089
259.5000	4.95832	351.324
259.0000	4.62339	352.478
258.5000	4.39279	353.55
258.0000	4.13158	354.542
257.5000	3.8418	355.451
257.0000	3.64963	356.272
256.5000	3.5304	357.005
256.0000	3.35885	357.646
255.5000	3.21429	358.196
255.0000	3.07139	358.654
254.5000	2.96308	359.016
254.0000	2.82099	359.284
253.5000	2.64068	359.453
253.0000	2.55223	359.522
252.5000	2.40706	359.489
252.0000	2.23517	359.351
251.5000	2.16084	359.107
251.0000	2.09415	358.763
250.5000	2.01856	358.32
250.0000	1.88356	357.783
249.5000	1.75748	357.16
249.0000	1.66904	356.457
248.5000	1.5386	355.68
248.0000	1.40661	354.835
247.5000	1.28166	353.93
247.0000	1.12892	352.977
246.5000	0.981886	351.984
246.0000	0.840198	350.961
245.5000	0.690606	349.92
245.0000	0.468666	348.867
244.5000	0.280568	347.815
244.0000	0.0770672	346.77
243.5000	-0.131691	345.739
243.0000	-0.280973	344.732
242.5000	-0.467931	343.752
242.0000	-0.630849	342.806
241.5000	-0.766745	341.902
241.0000	-0.949571	341.043
240.5000	-1.0867	340.234
240.0000	-1.21295	339.478
239.5000	-1.34183	338.787
239.0000	-1.44579	338.159
238.5000	-1.49861	337.604
238.0000	-1.54618	337.119
237.5000	-1.61241	336.711
237.0000	-1.60406	336.381
236.5000	-1.63164	336.127
236.0000	-1.63849	335.953
235.5000	-1.61153	335.858
235.0000	-1.59249	335.845
234.5000	-1.52038	335.916
234.0000	-1.39006	336.076
233.5000	-1.2733	336.321
233.0000	-1.16424	336.649
232.5000	-1.00638	337.063
232.0000	-0.855893	337.566
231.5000	-0.684827	338.163
231.0000	-0.489343	338.851
230.5000	-0.270162	339.633
230.0000	-0.00341301	340.505
229.5000	0.328022	341.471
229.0000	0.561581	342.531
228.5000	0.888654	343.689
228.0000	1.21733	344.944
227.5000	1.56971	346.299
227.0000	1.96855	347.762
226.5000	2.3954	349.337
226.0000	2.78303	351.024
225.5000	3.22586	352.821
225.0000	3.65992	354.732
224.5000	4.09039	356.754
224.0000	4.4908	358.892
223.5000	4.88918	361.147
223.0000	5.31346	363.527
222.5000	5.79478	366.029
222.0000	6.30302	368.655
221.5000	6.81747	371.404
221.0000	7.3736	374.271
220.5000	7.89551	377.252
220.0000	8.37373	380.34
