TITLE	TOCNF_ID6
DATA TYPE	
ORIGIN	JASCO
OWNER	
DATE	25/05/20
TIME	10:02:57
SPECTROMETER/DATA SYSTEM	JASCO Corp., J-810, Rev. 1.00
RESOLUTION	
DELTAX	-0.5
XUNITS	NANOMETERS
YUNITS	CD[mdeg]
Y2UNITS	HT[V]
FIRSTX	330.0000
LASTX	220.0000
NPOINTS	221
FIRSTY	0.54744
MAXY	17.02966
MINY	-1.44737
XYDATA
330.0000	0.547439	243.761
329.5000	0.538156	243.817
329.0000	0.517939	243.872
328.5000	0.546564	243.924
328.0000	0.553635	243.978
327.5000	0.564225	244.028
327.0000	0.572026	244.071
326.5000	0.548852	244.107
326.0000	0.536826	244.137
325.5000	0.548123	244.163
325.0000	0.549518	244.191
324.5000	0.573191	244.223
324.0000	0.569254	244.264
323.5000	0.561567	244.31
323.0000	0.567404	244.363
322.5000	0.571727	244.42
322.0000	0.561904	244.483
321.5000	0.57942	244.545
321.0000	0.579491	244.611
320.5000	0.569242	244.685
320.0000	0.567683	244.766
319.5000	0.573767	244.853
319.0000	0.581709	244.943
318.5000	0.574549	245.037
318.0000	0.561139	245.127
317.5000	0.553326	245.207
317.0000	0.571856	245.279
316.5000	0.583051	245.342
316.0000	0.584577	245.399
315.5000	0.608033	245.454
315.0000	0.615954	245.51
314.5000	0.627546	245.573
314.0000	0.656446	245.639
313.5000	0.691743	245.718
313.0000	0.733082	245.808
312.5000	0.798157	245.91
312.0000	0.856232	246.016
311.5000	0.921183	246.135
311.0000	1.02984	246.26
310.5000	1.11004	246.402
310.0000	1.21242	246.558
309.5000	1.32502	246.732
309.0000	1.47165	246.921
308.5000	1.63127	247.128
308.0000	1.82838	247.352
307.5000	2.06002	247.592
307.0000	2.32856	247.844
306.5000	2.62323	248.11
306.0000	2.91057	248.397
305.5000	3.23624	248.708
305.0000	3.63665	249.042
304.5000	4.02091	249.403
304.0000	4.46827	249.793
303.5000	4.93086	250.212
303.0000	5.42881	250.659
302.5000	5.93344	251.138
302.0000	6.48824	251.644
301.5000	7.05878	252.178
301.0000	7.62425	252.74
300.5000	8.19332	253.331
300.0000	8.76724	253.949
299.5000	9.34676	254.593
299.0000	9.95396	255.264
298.5000	10.5271	255.958
298.0000	11.0492	256.672
297.5000	11.5787	257.406
297.0000	12.0886	258.159
296.5000	12.5776	258.929
296.0000	13.0229	259.714
295.5000	13.4651	260.509
295.0000	13.8657	261.311
294.5000	14.2422	262.111
294.0000	14.5818	262.912
293.5000	14.9089	263.722
293.0000	15.2013	264.553
292.5000	15.4515	265.408
292.0000	15.6631	266.288
291.5000	15.8833	267.192
291.0000	16.1074	268.113
290.5000	16.3137	269.048
290.0000	16.4719	269.997
289.5000	16.6554	270.959
289.0000	16.7604	271.94
288.5000	16.8278	272.941
288.0000	16.9048	273.971
287.5000	16.944	275.024
287.0000	16.9875	276.102
286.5000	17.0297	277.185
286.0000	17.0051	278.265
285.5000	16.9768	279.345
285.0000	16.9089	280.423
284.5000	16.823	281.502
284.0000	16.7085	282.59
283.5000	16.5758	283.684
283.0000	16.4074	284.786
282.5000	16.2004	285.893
282.0000	16.0138	287.007
281.5000	15.7999	288.127
281.0000	15.6213	289.256
280.5000	15.3967	290.396
280.0000	15.1533	291.545
279.5000	14.9156	292.705
279.0000	14.7063	293.874
278.5000	14.5206	295.054
278.0000	14.3435	296.247
277.5000	14.1742	297.452
277.0000	13.9987	298.673
276.5000	13.8258	299.906
276.0000	13.6747	301.153
275.5000	13.5444	302.412
275.0000	13.4518	303.683
274.5000	13.321	304.968
274.0000	13.1881	306.269
273.5000	13.0336	307.585
273.0000	12.9546	308.918
272.5000	12.837	310.271
272.0000	12.6938	311.648
271.5000	12.497	313.051
271.0000	12.3001	314.483
270.5000	12.0966	315.942
270.0000	11.8536	317.431
269.5000	11.6244	318.952
269.0000	11.4457	320.51
268.5000	11.1574	322.105
268.0000	10.8765	323.737
267.5000	10.6038	325.4
267.0000	10.2998	327.09
266.5000	9.99831	328.808
266.0000	9.63181	330.547
265.5000	9.31763	332.295
265.0000	8.95354	334.046
264.5000	8.60599	335.789
264.0000	8.19021	337.52
263.5000	7.81465	339.23
263.0000	7.44764	340.91
262.5000	7.02234	342.552
262.0000	6.61415	344.146
261.5000	6.21297	345.684
261.0000	5.8159	347.159
260.5000	5.44548	348.567
260.0000	5.11129	349.897
259.5000	4.71547	351.152
259.0000	4.3359	352.327
258.5000	4.0443	353.421
258.0000	3.74944	354.431
257.5000	3.53414	355.359
257.0000	3.30657	356.199
256.5000	3.15691	356.953
256.0000	2.94709	357.614
255.5000	2.77741	358.183
255.0000	2.65632	358.662
254.5000	2.62342	359.044
254.0000	2.57335	359.332
253.5000	2.46035	359.52
253.0000	2.4373	359.605
252.5000	2.39576	359.586
252.0000	2.35477	359.463
251.5000	2.29805	359.233
251.0000	2.2777	358.9
250.5000	2.24458	358.466
250.0000	2.15438	357.936
249.5000	2.03701	357.321
249.0000	1.97235	356.624
248.5000	1.87394	355.852
248.0000	1.72022	355.01
247.5000	1.48582	354.106
247.0000	1.39952	353.151
246.5000	1.24776	352.159
246.0000	1.0248	351.136
245.5000	0.862178	350.092
245.0000	0.688577	349.038
244.5000	0.512749	347.982
244.0000	0.359082	346.936
243.5000	0.186737	345.902
243.0000	-0.0111382	344.89
242.5000	-0.074971	343.906
242.0000	-0.244593	342.955
241.5000	-0.379084	342.045
241.0000	-0.495427	341.181
240.5000	-0.644811	340.369
240.0000	-0.833412	339.61
239.5000	-0.897919	338.914
239.0000	-0.987743	338.281
238.5000	-1.10193	337.719
238.0000	-1.24165	337.229
237.5000	-1.33386	336.815
237.0000	-1.39648	336.478
236.5000	-1.36033	336.221
236.0000	-1.38678	336.043
235.5000	-1.4411	335.945
235.0000	-1.44737	335.928
234.5000	-1.39174	335.997
234.0000	-1.32117	336.154
233.5000	-1.23391	336.396
233.0000	-1.1438	336.724
232.5000	-1.01992	337.135
232.0000	-0.875829	337.639
231.5000	-0.622667	338.234
231.0000	-0.434012	338.922
230.5000	-0.209494	339.702
230.0000	-0.000939178	340.573
229.5000	0.258027	341.535
229.0000	0.616668	342.594
228.5000	0.948933	343.749
228.0000	1.25398	345.003
227.5000	1.57192	346.355
227.0000	1.93945	347.812
226.5000	2.3447	349.381
226.0000	2.77902	351.061
225.5000	3.23322	352.852
225.0000	3.6266	354.757
224.5000	4.16624	356.772
224.0000	4.66683	358.901
223.5000	5.15609	361.147
223.0000	5.62798	363.514
222.5000	6.20369	366.005
222.0000	6.71536	368.616
221.5000	7.33385	371.35
221.0000	7.91375	374.199
220.5000	8.47529	377.162
220.0000	9.07173	380.233
