TITLE	TOCNF_ID6
DATA TYPE	
ORIGIN	JASCO
OWNER	
DATE	25/05/20
TIME	12:22:19
SPECTROMETER/DATA SYSTEM	JASCO Corp., J-810, Rev. 1.00
RESOLUTION	
DELTAX	-0.5
XUNITS	NANOMETERS
YUNITS	CD[mdeg]
Y2UNITS	HT[V]
FIRSTX	330.0000
LASTX	220.0000
NPOINTS	221
FIRSTY	0.40301
MAXY	3.88501
MINY	-1.85510
XYDATA
330.0000	0.403012	243.964
329.5000	0.403835	244.02
329.0000	0.405304	244.076
328.5000	0.389666	244.129
328.0000	0.375435	244.182
327.5000	0.384655	244.232
327.0000	0.39887	244.276
326.5000	0.397581	244.315
326.0000	0.399778	244.345
325.5000	0.404421	244.372
325.0000	0.41464	244.401
324.5000	0.421932	244.434
324.0000	0.414587	244.475
323.5000	0.395936	244.519
323.0000	0.399875	244.573
322.5000	0.400715	244.628
322.0000	0.392523	244.69
321.5000	0.390284	244.753
321.0000	0.403551	244.821
320.5000	0.393393	244.895
320.0000	0.380003	244.975
319.5000	0.370401	245.059
319.0000	0.37041	245.148
318.5000	0.363869	245.241
318.0000	0.372804	245.329
317.5000	0.372785	245.406
317.0000	0.386947	245.477
316.5000	0.387178	245.536
316.0000	0.382584	245.592
315.5000	0.405622	245.642
315.0000	0.426996	245.691
314.5000	0.432883	245.745
314.0000	0.438349	245.803
313.5000	0.446351	245.87
313.0000	0.462447	245.948
312.5000	0.474593	246.03
312.0000	0.485102	246.117
311.5000	0.504289	246.207
311.0000	0.496645	246.305
310.5000	0.483703	246.411
310.0000	0.481487	246.525
309.5000	0.482763	246.651
309.0000	0.487952	246.783
308.5000	0.486921	246.925
308.0000	0.476851	247.075
307.5000	0.461518	247.229
307.0000	0.470449	247.385
306.5000	0.46278	247.546
306.0000	0.460402	247.717
305.5000	0.457784	247.899
305.0000	0.443303	248.094
304.5000	0.44324	248.304
304.0000	0.447854	248.528
303.5000	0.473448	248.77
303.0000	0.476178	249.029
302.5000	0.482601	249.309
302.0000	0.487713	249.609
301.5000	0.519493	249.933
301.0000	0.543255	250.28
300.5000	0.548315	250.656
300.0000	0.551994	251.059
299.5000	0.550346	251.493
299.0000	0.569158	251.958
298.5000	0.59205	252.458
298.0000	0.612296	252.992
297.5000	0.630593	253.566
297.0000	0.632509	254.178
296.5000	0.62322	254.831
296.0000	0.646231	255.524
295.5000	0.670834	256.255
295.0000	0.672319	257.022
294.5000	0.672696	257.819
294.0000	0.685037	258.65
293.5000	0.689428	259.523
293.0000	0.691455	260.452
292.5000	0.701762	261.435
292.0000	0.731158	262.477
291.5000	0.726875	263.572
291.0000	0.731569	264.712
290.5000	0.752253	265.892
290.0000	0.761147	267.109
289.5000	0.775069	268.364
289.0000	0.784144	269.656
288.5000	0.787655	270.989
288.0000	0.811544	272.36
287.5000	0.844596	273.767
287.0000	0.850787	275.205
286.5000	0.862513	276.655
286.0000	0.900813	278.107
285.5000	0.926035	279.562
285.0000	0.947157	281.015
284.5000	0.992991	282.469
284.0000	1.04036	283.931
283.5000	1.09543	285.396
283.0000	1.12423	286.867
282.5000	1.15967	288.339
282.0000	1.18635	289.814
281.5000	1.19004	291.293
281.0000	1.16444	292.777
280.5000	1.2006	294.264
280.0000	1.26002	295.753
279.5000	1.28103	297.245
279.0000	1.32005	298.737
278.5000	1.35484	300.234
278.0000	1.3853	301.733
277.5000	1.44553	303.232
277.0000	1.44907	304.735
276.5000	1.4948	306.235
276.0000	1.49064	307.734
275.5000	1.50602	309.232
275.0000	1.53555	310.723
274.5000	1.59648	312.214
274.0000	1.63428	313.702
273.5000	1.6653	315.185
273.0000	1.67745	316.666
272.5000	1.671	318.146
272.0000	1.63972	319.626
271.5000	1.67116	321.11
271.0000	1.6525	322.595
270.5000	1.67759	324.083
270.0000	1.73533	325.575
269.5000	1.78628	327.074
269.0000	1.83667	328.579
268.5000	1.90641	330.092
268.0000	1.91274	331.611
267.5000	1.95244	333.139
267.0000	1.91564	334.676
266.5000	1.92519	336.224
266.0000	1.94115	337.78
265.5000	1.9902	339.343
265.0000	1.95983	340.914
264.5000	1.93822	342.492
264.0000	1.89072	344.076
263.5000	1.79819	345.664
263.0000	1.74269	347.248
262.5000	1.66703	348.828
262.0000	1.59808	350.398
261.5000	1.54559	351.949
261.0000	1.49909	353.47
260.5000	1.456	354.952
260.0000	1.38635	356.381
259.5000	1.32318	357.749
259.0000	1.20497	359.047
258.5000	1.12631	360.264
258.0000	1.08493	361.39
257.5000	1.09232	362.424
257.0000	1.05116	363.356
256.5000	1.05624	364.183
256.0000	1.02436	364.904
255.5000	0.971266	365.515
255.0000	0.841623	366.02
254.5000	0.763454	366.423
254.0000	0.66427	366.725
253.5000	0.631207	366.93
253.0000	0.500014	367.04
252.5000	0.430804	367.06
252.0000	0.373528	366.989
251.5000	0.249892	366.827
251.0000	0.0802994	366.577
250.5000	-0.059433	366.237
250.0000	-0.292316	365.814
249.5000	-0.47146	365.313
249.0000	-0.562545	364.732
248.5000	-0.708866	364.075
248.0000	-0.844086	363.341
247.5000	-0.947653	362.538
247.0000	-1.13671	361.67
246.5000	-1.21411	360.747
246.0000	-1.3069	359.772
245.5000	-1.41171	358.759
245.0000	-1.53804	357.712
244.5000	-1.57842	356.646
244.0000	-1.67268	355.566
243.5000	-1.68535	354.482
243.0000	-1.72726	353.402
242.5000	-1.78144	352.333
242.0000	-1.8551	351.279
241.5000	-1.81836	350.251
241.0000	-1.80554	349.251
240.5000	-1.82645	348.285
240.0000	-1.78271	347.359
239.5000	-1.83501	346.478
239.0000	-1.80235	345.646
238.5000	-1.75955	344.87
238.0000	-1.70121	344.151
237.5000	-1.62705	343.493
237.0000	-1.54659	342.898
236.5000	-1.48371	342.371
236.0000	-1.36561	341.907
235.5000	-1.2416	341.515
235.0000	-1.11204	341.194
234.5000	-1.03029	340.952
234.0000	-0.94381	340.788
233.5000	-0.765331	340.706
233.0000	-0.603814	340.704
232.5000	-0.455075	340.786
232.0000	-0.282501	340.954
231.5000	-0.100663	341.215
231.0000	0.0498203	341.571
230.5000	0.225566	342.021
230.0000	0.383901	342.564
229.5000	0.565434	343.204
229.0000	0.695967	343.946
228.5000	0.866359	344.791
228.0000	1.06124	345.742
227.5000	1.18256	346.803
227.0000	1.34812	347.978
226.5000	1.49219	349.275
226.0000	1.59709	350.697
225.5000	1.72371	352.247
225.0000	1.8471	353.929
224.5000	1.96085	355.745
224.0000	2.20106	357.703
223.5000	2.38296	359.814
223.0000	2.61203	362.086
222.5000	2.86219	364.522
222.0000	3.06177	367.133
221.5000	3.29802	369.918
221.0000	3.54242	372.878
220.5000	3.72671	376.018
220.0000	3.88501	379.335
