TITLE	TOCNF_ID6
DATA TYPE	
ORIGIN	JASCO
OWNER	
DATE	25/05/20
TIME	10:33:15
SPECTROMETER/DATA SYSTEM	JASCO Corp., J-810, Rev. 1.00
RESOLUTION	
DELTAX	-0.5
XUNITS	NANOMETERS
YUNITS	CD[mdeg]
Y2UNITS	HT[V]
FIRSTX	330.0000
LASTX	220.0000
NPOINTS	221
FIRSTY	0.50983
MAXY	16.86149
MINY	-1.56964
XYDATA
330.0000	0.509833	243.791
329.5000	0.509878	243.847
329.0000	0.52128	243.903
328.5000	0.541743	243.956
328.0000	0.535406	244.01
327.5000	0.550017	244.06
327.0000	0.544337	244.104
326.5000	0.535299	244.143
326.0000	0.545262	244.174
325.5000	0.554987	244.2
325.0000	0.573785	244.227
324.5000	0.582943	244.261
324.0000	0.577785	244.302
323.5000	0.590571	244.349
323.0000	0.577349	244.403
322.5000	0.580485	244.46
322.0000	0.57554	244.521
321.5000	0.585976	244.584
321.0000	0.598231	244.651
320.5000	0.600019	244.725
320.0000	0.61158	244.806
319.5000	0.602821	244.894
319.0000	0.594298	244.985
318.5000	0.587936	245.082
318.0000	0.59567	245.173
317.5000	0.594383	245.254
317.0000	0.609014	245.327
316.5000	0.610707	245.391
316.0000	0.630693	245.45
315.5000	0.634835	245.508
315.0000	0.639495	245.567
314.5000	0.663734	245.631
314.0000	0.68919	245.7
313.5000	0.714539	245.781
313.0000	0.768106	245.873
312.5000	0.837249	245.975
312.0000	0.919553	246.082
311.5000	0.99621	246.202
311.0000	1.06061	246.33
310.5000	1.14704	246.474
310.0000	1.26508	246.632
309.5000	1.39732	246.806
309.0000	1.55592	246.995
308.5000	1.74677	247.202
308.0000	1.94137	247.428
307.5000	2.15546	247.668
307.0000	2.40594	247.919
306.5000	2.67423	248.184
306.0000	2.95137	248.47
305.5000	3.26777	248.779
305.0000	3.62257	249.11
304.5000	4.0108	249.469
304.0000	4.45644	249.853
303.5000	4.90954	250.269
303.0000	5.38346	250.712
302.5000	5.87834	251.186
302.0000	6.39067	251.687
301.5000	6.94816	252.215
301.0000	7.50231	252.772
300.5000	8.07256	253.358
300.0000	8.62431	253.971
299.5000	9.20102	254.611
299.0000	9.77299	255.279
298.5000	10.3201	255.967
298.0000	10.8594	256.677
297.5000	11.3658	257.409
297.0000	11.874	258.16
296.5000	12.3546	258.93
296.0000	12.8099	259.715
295.5000	13.2486	260.512
295.0000	13.6517	261.318
294.5000	14.0024	262.121
294.0000	14.3433	262.928
293.5000	14.6669	263.742
293.0000	14.9834	264.582
292.5000	15.2323	265.443
292.0000	15.4636	266.332
291.5000	15.6947	267.247
291.0000	15.9345	268.181
290.5000	16.112	269.126
290.0000	16.2842	270.087
289.5000	16.4264	271.063
289.0000	16.5345	272.057
288.5000	16.6441	273.075
288.0000	16.7259	274.119
287.5000	16.8088	275.19
287.0000	16.8534	276.281
286.5000	16.8566	277.381
286.0000	16.8577	278.482
285.5000	16.8615	279.581
285.0000	16.8258	280.679
284.5000	16.7008	281.778
284.0000	16.5955	282.888
283.5000	16.4471	284.003
283.0000	16.2925	285.127
282.5000	16.136	286.257
282.0000	15.9408	287.393
281.5000	15.7555	288.537
281.0000	15.5584	289.692
280.5000	15.3504	290.857
280.0000	15.1309	292.03
279.5000	14.9221	293.212
279.0000	14.6996	294.402
278.5000	14.4756	295.604
278.0000	14.2706	296.819
277.5000	14.1278	298.045
277.0000	14.001	299.286
276.5000	13.8652	300.539
276.0000	13.7005	301.804
275.5000	13.5652	303.08
275.0000	13.409	304.365
274.5000	13.2345	305.662
274.0000	13.0929	306.975
273.5000	12.9558	308.302
273.0000	12.8459	309.646
272.5000	12.7209	311.01
272.0000	12.5546	312.399
271.5000	12.4029	313.813
271.0000	12.2404	315.255
270.5000	12.0044	316.721
270.0000	11.8017	318.219
269.5000	11.6256	319.749
269.0000	11.4237	321.315
268.5000	11.1988	322.912
268.0000	10.9822	324.546
267.5000	10.6907	326.209
267.0000	10.4039	327.9
266.5000	10.1061	329.615
266.0000	9.75706	331.346
265.5000	9.39299	333.083
265.0000	9.02666	334.82
264.5000	8.58282	336.549
264.0000	8.23653	338.264
263.5000	7.79687	339.955
263.0000	7.37539	341.612
262.5000	6.95295	343.23
262.0000	6.49304	344.802
261.5000	6.18223	346.32
261.0000	5.76156	347.772
260.5000	5.42767	349.156
260.0000	5.08765	350.462
259.5000	4.77933	351.692
259.0000	4.5466	352.842
258.5000	4.28873	353.912
258.0000	4.09314	354.899
257.5000	3.81369	355.8
257.0000	3.62759	356.614
256.5000	3.42428	357.339
256.0000	3.20931	357.975
255.5000	3.0833	358.517
255.0000	2.90093	358.966
254.5000	2.75658	359.319
254.0000	2.60054	359.576
253.5000	2.50113	359.737
253.0000	2.3378	359.799
252.5000	2.20073	359.756
252.0000	2.07606	359.61
251.5000	1.98015	359.356
251.0000	1.92375	359.003
250.5000	1.82747	358.548
250.0000	1.70855	358.003
249.5000	1.60752	357.372
249.0000	1.47447	356.66
248.5000	1.36065	355.876
248.0000	1.24375	355.026
247.5000	1.08928	354.115
247.0000	0.963881	353.155
246.5000	0.80536	352.155
246.0000	0.660955	351.124
245.5000	0.455081	350.076
245.0000	0.253926	349.017
244.5000	0.0446602	347.959
244.0000	-0.132164	346.909
243.5000	-0.250102	345.873
243.0000	-0.38909	344.861
242.5000	-0.50633	343.876
242.0000	-0.620506	342.926
241.5000	-0.725008	342.015
241.0000	-0.877699	341.15
240.5000	-1.03938	340.335
240.0000	-1.1051	339.579
239.5000	-1.18905	338.882
239.0000	-1.26761	338.252
238.5000	-1.31564	337.69
238.0000	-1.30922	337.204
237.5000	-1.40442	336.79
237.0000	-1.46552	336.456
236.5000	-1.48853	336.198
236.0000	-1.53847	336.021
235.5000	-1.52631	335.923
235.0000	-1.56964	335.906
234.5000	-1.48811	335.976
234.0000	-1.4198	336.135
233.5000	-1.30573	336.376
233.0000	-1.22013	336.704
232.5000	-1.11469	337.116
232.0000	-0.953289	337.617
231.5000	-0.782847	338.212
231.0000	-0.621649	338.899
230.5000	-0.350112	339.681
230.0000	-0.145601	340.555
229.5000	0.157731	341.52
229.0000	0.422142	342.579
228.5000	0.669838	343.737
228.0000	0.984137	344.994
227.5000	1.32147	346.35
227.0000	1.6946	347.813
226.5000	2.04722	349.388
226.0000	2.46788	351.076
225.5000	2.84775	352.878
225.0000	3.25364	354.793
224.5000	3.71729	356.821
224.0000	4.12242	358.962
223.5000	4.58788	361.223
223.0000	5.06293	363.612
222.5000	5.63779	366.123
222.0000	6.2124	368.76
221.5000	6.76435	371.519
221.0000	7.30087	374.397
220.5000	7.79673	377.39
220.0000	8.34158	380.496
